1.0000000000000001e-01 1.0000000000000000e+00 3.4379721980085924e-02 
2.0000000000000001e-01 2.0544389646332402e+00 6.0974588587731970e-02 
2.9999999999999999e-01 3.1400904950607607e+00 8.1670685839836873e-02 
4.0000000000000002e-01 4.3571862362129430e+00 1.1353741641860531e-01 
5.0000000000000000e-01 5.4349506893226680e+00 1.4199877636945837e-01 
5.6266666666666676e-01 6.0651891242915736e+00 1.5791538837483440e-01 
6.2500000000000000e-01 6.6534730492724128e+00 1.7487918981424078e-01 
6.8733333333333324e-01 7.1057455521460282e+00 1.8774771518764760e-01 
7.5000000000000000e-01 7.6313656088430433e+00 1.9941430352721809e-01 
8.7500000000000000e-01 8.4060537591499305e+00 2.2060567225122163e-01 
1.0000000000000000e+00 9.2701619580233228e+00 2.4353475903615759e-01 
