0.0000000000000000e+00 1.0501736623031411e+01 8.7084899185142881e-02 
1.0000000000000000e+00 1.1941797611158963e+01 1.8001745834851815e-01 
2.0000000000000000e+00 1.3816028338164703e+01 2.5655077844261404e-01 
3.0000000000000000e+00 1.5711593152108346e+01 3.2863972911503847e-01 
4.0000000000000000e+00 1.7602882342981260e+01 4.0125297160254236e-01 
5.0000000000000000e+00 1.9493668908090516e+01 4.5978220703184608e-01 
6.0000000000000000e+00 2.1399867891342456e+01 5.1385581772735045e-01 
7.0000000000000000e+00 2.3323438827812968e+01 5.8525448744317898e-01 
8.0000000000000000e+00 2.5232726103861076e+01 6.7438150766918470e-01 
9.0000000000000000e+00 2.7151974077248138e+01 7.4303543156916352e-01 
1.0000000000000000e+01 2.9080051935068990e+01 8.2932366653918088e-01 
1.1000000000000000e+01 3.1032890896951230e+01 9.2291437712298563e-01 
1.2000000000000000e+01 3.3000504238505442e+01 1.0289553745907416e+00 
1.3000000000000000e+01 3.4976943723232694e+01 1.1203750000043986e+00 
