0.0000000000000000e+00 1.0071149794664516e+01 4.6214930272912402e-02 
1.0000000000000000e+00 1.0183755626524768e+01 1.1426401792999179e-01 
2.0000000000000000e+00 1.0321103171418466e+01 1.9678094371085736e-01 
3.0000000000000000e+00 1.0459784256533393e+01 2.5898029678615531e-01 
4.0000000000000000e+00 1.0614049645954259e+01 3.0466439476003804e-01 
5.0000000000000000e+00 1.0756061973670484e+01 3.3263352219763842e-01 
6.0000000000000000e+00 1.0901319537191403e+01 3.7675866123277851e-01 
7.0000000000000000e+00 1.1050942143426791e+01 4.1563241514190813e-01 
8.0000000000000000e+00 1.1205017196251720e+01 4.4047237636580794e-01 
9.0000000000000000e+00 1.1363858346328005e+01 4.4994134636816813e-01 
1.0000000000000000e+01 1.1525913722216766e+01 4.7994056458699424e-01 
1.1000000000000000e+01 1.1690779651277664e+01 4.8616000068022414e-01 
1.2000000000000000e+01 1.1845230831340821e+01 4.9399727853893610e-01 
1.3000000000000000e+01 1.2012342507382895e+01 5.2663722538632751e-01 
1.4000000000000000e+01 1.2190231182397486e+01 5.5554486778830758e-01 
1.5000000000000000e+01 1.2370242497697543e+01 5.8224787437497194e-01 
1.6000000000000000e+01 1.2556934011763833e+01 6.1835863816644199e-01 
1.7000000000000000e+01 1.2759900049780688e+01 6.2945464959575337e-01 
1.8000000000000000e+01 1.2941736673708343e+01 6.3799455766986768e-01 
1.9000000000000000e+01 1.3116709740919392e+01 6.6237474891850445e-01 
2.0000000000000000e+01 1.3298532387407445e+01 6.9621229171287935e-01 
2.1000000000000000e+01 1.3492405928766297e+01 7.0297570509604079e-01 
2.2000000000000000e+01 1.3683902658185916e+01 7.0047880145122943e-01 
2.3000000000000000e+01 1.3873451246302148e+01 7.1256062774053563e-01 
2.4000000000000000e+01 1.4051999176865884e+01 7.2095380685361621e-01 
2.5000000000000000e+01 1.4243645437764505e+01 7.5594200820263735e-01 
2.6000000000000000e+01 1.4449368507291197e+01 7.7125955926986334e-01 
2.7000000000000000e+01 1.4665474314580406e+01 7.7589215482747087e-01 
2.8000000000000000e+01 1.4864769462097209e+01 7.7498286656342719e-01 
2.9000000000000000e+01 1.5058247026318220e+01 7.7373704135185806e-01 
3.0000000000000000e+01 1.5258899916354732e+01 7.7913811363640662e-01 
3.1000000000000000e+01 1.5446742369460528e+01 8.0594768369083325e-01 
3.2000000000000000e+01 1.5638665144704053e+01 8.3239955033000912e-01 
3.3000000000000000e+01 1.5841649798331243e+01 8.3732437895373391e-01 
3.4000000000000000e+01 1.6031664411593251e+01 8.5326930996056627e-01 
3.5000000000000000e+01 1.6222022776842230e+01 8.5236214244358710e-01 
3.6000000000000000e+01 1.6431581770937559e+01 8.6152027432638423e-01 
3.7000000000000000e+01 1.6648663253474943e+01 8.7619103871201787e-01 
3.8000000000000000e+01 1.6850269086278150e+01 8.9620242355500246e-01 
3.9000000000000000e+01 1.7046255710708785e+01 9.1601127485992384e-01 
4.0000000000000000e+01 1.7254336840044562e+01 9.2954774572461496e-01 
4.1000000000000000e+01 1.7441792353409500e+01 9.4006376824055071e-01 
4.2000000000000000e+01 1.7637496773382608e+01 9.6223487424521104e-01 
4.3000000000000000e+01 1.7847836617244145e+01 9.7005104561546651e-01 
4.4000000000000000e+01 1.8052731451744048e+01 9.8500816269832003e-01 
4.5000000000000000e+01 1.8250000165828094e+01 9.9399150790441837e-01 
4.6000000000000000e+01 1.8459377190160566e+01 1.0067628993328017e+00 
4.7000000000000000e+01 1.8653871091040365e+01 1.0205735320966236e+00 
4.8000000000000000e+01 1.8871778391515690e+01 1.0214526341237875e+00 
4.9000000000000000e+01 1.9075732644602898e+01 1.0432263975780121e+00 
5.0000000000000000e+01 1.9274488116799752e+01 1.0634023528312873e+00 
5.1000000000000000e+01 1.9474395636951908e+01 1.0778156807945745e+00 
5.2000000000000000e+01 1.9703332645119161e+01 1.0865088982658564e+00 
5.3000000000000000e+01 1.9930023801851135e+01 1.1059254614793765e+00 
5.4000000000000000e+01 2.0151247009517217e+01 1.0969857648719541e+00 
5.5000000000000000e+01 2.0381113162160609e+01 1.0932121223894964e+00 
5.6000000000000000e+01 2.0595186546434970e+01 1.0994095821204959e+00 
5.7000000000000000e+01 2.0810609409028597e+01 1.0863915203943442e+00 
5.8000000000000000e+01 2.1024725773095138e+01 1.1095510013937444e+00 
5.9000000000000000e+01 2.1229794223452068e+01 1.1247425609360129e+00 
6.0000000000000000e+01 2.1433517344285100e+01 1.1344683972257499e+00 
6.1000000000000000e+01 2.1634583628267947e+01 1.1450167205926858e+00 
6.2000000000000000e+01 2.1854136455277253e+01 1.1601795549431999e+00 
6.3000000000000000e+01 2.2061706078602821e+01 1.1605873835167633e+00 
6.4000000000000000e+01 2.2266666392505783e+01 1.1525864289916228e+00 
6.5000000000000000e+01 2.2462575987872508e+01 1.1635494063587437e+00 
6.6000000000000000e+01 2.2681146322938730e+01 1.1627307683810151e+00 
6.7000000000000000e+01 2.2888350980636446e+01 1.1564926339139734e+00 
6.8000000000000000e+01 2.3078406158335870e+01 1.1561772489653968e+00 
6.9000000000000000e+01 2.3268214937977270e+01 1.1700059830734042e+00 
7.0000000000000000e+01 2.3480945021793879e+01 1.1849484735761036e+00 
7.1000000000000000e+01 2.3694612731374495e+01 1.2014259206785971e+00 
7.2000000000000000e+01 2.3898844777934713e+01 1.1856317460803236e+00 
7.3000000000000000e+01 2.4125639810117470e+01 1.1892019383014478e+00 
7.4000000000000000e+01 2.4335486563577167e+01 1.1908057447779146e+00 
7.5000000000000000e+01 2.4530101189513353e+01 1.2135213644674416e+00 
7.6000000000000000e+01 2.4747611424090827e+01 1.2268258547086399e+00 
7.7000000000000000e+01 2.4953241597012070e+01 1.2461947151847819e+00 
7.8000000000000000e+01 2.5168160961037156e+01 1.2590679486993801e+00 
7.9000000000000000e+01 2.5376338848770899e+01 1.2528937678862138e+00 
8.0000000000000000e+01 2.5580901839518667e+01 1.2658952156384782e+00 
8.1000000000000000e+01 2.5777818132134470e+01 1.2876995254698294e+00 
8.2000000000000000e+01 2.5967865374470495e+01 1.2912983316043840e+00 
8.3000000000000000e+01 2.6175346120471307e+01 1.2930549964347615e+00 
8.4000000000000000e+01 2.6382623155527966e+01 1.2946981727078721e+00 
8.5000000000000000e+01 2.6586918950689906e+01 1.3046670255477595e+00 
8.6000000000000000e+01 2.6785541638110338e+01 1.3018953076074615e+00 
8.7000000000000000e+01 2.6985885672534859e+01 1.3023640060953774e+00 
8.8000000000000000e+01 2.7190752688213035e+01 1.3167964680409157e+00 
8.9000000000000000e+01 2.7393001856677660e+01 1.3379468784764401e+00 
9.0000000000000000e+01 2.7617683930844496e+01 1.3518865199482100e+00 
9.1000000000000000e+01 2.7810702491561223e+01 1.3646618270877788e+00 
9.2000000000000000e+01 2.8020409692003241e+01 1.3579786823991771e+00 
9.3000000000000000e+01 2.8222587796644248e+01 1.3757866471143705e+00 
9.4000000000000000e+01 2.8435673930220993e+01 1.3864166437254464e+00 
9.5000000000000000e+01 2.8663978602742922e+01 1.3960562393539326e+00 
9.6000000000000000e+01 2.8890616128066586e+01 1.4097839087343260e+00 
9.7000000000000000e+01 2.9110852437074460e+01 1.4381193400387713e+00 
9.8000000000000000e+01 2.9314893426442278e+01 1.4620699854224326e+00 
9.9000000000000000e+01 2.9528596977610405e+01 1.4833914371788088e+00 
1.0000000000000000e+02 2.9758831560062049e+01 1.5026591902568394e+00 
1.0100000000000000e+02 2.9968735735461411e+01 1.5193159805348571e+00 
1.0200000000000000e+02 3.0174158542290918e+01 1.5436622524805457e+00 
1.0300000000000000e+02 3.0383979674761896e+01 1.5499718360526598e+00 
1.0400000000000000e+02 3.0588545339857294e+01 1.5504206736477761e+00 
1.0500000000000000e+02 3.0828037685920648e+01 1.5609365891063793e+00 
1.0600000000000000e+02 3.1052834651617090e+01 1.5715236398735533e+00 
1.0700000000000000e+02 3.1265093834712374e+01 1.5853699993560473e+00 
1.0800000000000000e+02 3.1476897587865206e+01 1.5959807518925677e+00 
1.0900000000000000e+02 3.1697671368928116e+01 1.6100821877206128e+00 
1.1000000000000000e+02 3.1919373753682201e+01 1.6193676451149439e+00 
1.1100000000000000e+02 3.2141390043314189e+01 1.6244485594981224e+00 
1.1200000000000000e+02 3.2369974183575088e+01 1.6166810417829400e+00 
1.1300000000000000e+02 3.2585315927696989e+01 1.6168152857042088e+00 
1.1400000000000000e+02 3.2811860427407424e+01 1.6559581916011838e+00 
1.1500000000000000e+02 3.3024535541642074e+01 1.6761992654046749e+00 
1.1600000000000000e+02 3.3271920304270601e+01 1.7134340987909340e+00 
1.1700000000000000e+02 3.3509621928846776e+01 1.7374090329141911e+00 
1.1800000000000000e+02 3.3740477871448846e+01 1.7518242016173140e+00 
1.1900000000000000e+02 3.3979568606522790e+01 1.7620084117637864e+00 
1.2000000000000000e+02 3.4213141922631245e+01 1.7701460215888944e+00 
1.2100000000000000e+02 3.4445391517405497e+01 1.7603594231228765e+00 
1.2200000000000000e+02 3.4659919917255884e+01 1.7801134724817169e+00 
1.2300000000000000e+02 3.4899514491897676e+01 1.8179594662016714e+00 
1.2400000000000000e+02 3.5157826878026960e+01 1.8381836001374745e+00 
1.2500000000000000e+02 3.5395880945143375e+01 1.8547033873190544e+00 
