1.0000000000000001e-01 1.0000000000000000e+00 2.5041251250746570e-02 
2.0000000000000001e-01 9.8529567320352107e-01 2.4753821600361818e-02 
2.9999999999999999e-01 1.0305154457793104e+00 2.2877410584079130e-02 
4.0000000000000002e-01 1.0898475172219282e+00 2.5219410383383989e-02 
5.0000000000000000e-01 1.1434108780372088e+00 2.9141405987802935e-02 
5.6266666666666676e-01 1.1890192056604449e+00 3.3680697306512838e-02 
6.2500000000000000e-01 1.2116587113866641e+00 3.7234808325909106e-02 
6.8733333333333324e-01 1.2720014089277187e+00 4.3162520078582171e-02 
7.5000000000000000e-01 1.3313514685332912e+00 5.2779200661702878e-02 
8.7500000000000000e-01 1.3259272418033354e+00 5.4470019259248194e-02 
1.0000000000000000e+00 1.3198640836005084e+00 5.5764428453674679e-02 
