0.0000000000000000e+00 9.8371425994052952e-01 3.1672214001112378e-02 
3.0000000000000000e+00 1.0035744036074479e+00 4.1953564163408820e-02 
6.0000000000000000e+00 9.9275932411298828e-01 3.5168823930977873e-02 
9.0000000000000000e+00 1.0002108303333936e+00 3.5478241516166097e-02 
1.2000000000000000e+01 9.9466773073794412e-01 3.4565823415361775e-02 
1.5000000000000000e+01 1.0061521899452945e+00 3.4825241761663545e-02 
1.8000000000000000e+01 1.0047044687673041e+00 3.2643932683359918e-02 
2.1000000000000000e+01 9.9825009355018013e-01 2.8750332283058955e-02 
2.4000000000000000e+01 9.9433615935451702e-01 3.2362427700181322e-02 
2.7000000000000000e+01 9.9554546496907825e-01 3.1518395998121979e-02 
3.0000000000000000e+01 9.8047218856453811e-01 2.6037456334743251e-02 
3.3000000000000000e+01 9.6988250347438809e-01 2.5844979851322700e-02 
3.6000000000000000e+01 9.7420632491342718e-01 3.2372969844215768e-02 
3.9000000000000000e+01 9.8106221143810579e-01 2.7429756231440890e-02 
4.2000000000000000e+01 9.6844262942575654e-01 2.8368373711454672e-02 
4.5000000000000000e+01 9.7542276721805887e-01 2.8678866375072092e-02 
4.8000000000000000e+01 9.9449893846195825e-01 3.2778676813762120e-02 
5.1000000000000000e+01 9.6453690079683163e-01 3.0467000023020593e-02 
5.4000000000000000e+01 9.5330510554341108e-01 2.8747154943134044e-02 
5.7000000000000000e+01 1.0044405618174945e+00 3.9209291363379348e-02 
6.0000000000000000e+01 9.9210264370717294e-01 3.3841583009326479e-02 
6.3000000000000000e+01 1.0011314487351293e+00 3.4450175271017930e-02 
6.6000000000000000e+01 1.0067656740290056e+00 4.0873272425130384e-02 
6.9000000000000000e+01 1.0040308719244386e+00 3.5948105306491694e-02 
7.2000000000000000e+01 1.0149904592077075e+00 3.6263886215607360e-02 
7.5000000000000000e+01 1.0293208770705429e+00 4.3330745652581076e-02 
7.8000000000000000e+01 9.6128303583802599e-01 3.3567008946575494e-02 
8.1000000000000000e+01 9.5231642116742088e-01 2.8473259104476734e-02 
8.4000000000000000e+01 1.0104545984793851e+00 3.9894800239090290e-02 
8.7000000000000000e+01 9.9364574891606294e-01 3.8288435100848624e-02 
9.0000000000000000e+01 9.9542291224113422e-01 3.8774489202361796e-02 
9.3000000000000000e+01 9.9017952822716937e-01 3.2728735011457552e-02 
9.6000000000000000e+01 9.9577071456223964e-01 3.6821329435859904e-02 
9.9000000000000000e+01 1.0214513709442306e+00 6.2271872788556004e-02 
1.0200000000000000e+02 1.0064720350954466e+00 3.1510571417182248e-02 
1.0500000000000000e+02 1.0154143690481805e+00 4.3745014725505030e-02 
1.0800000000000000e+02 1.0454418873740374e+00 9.7604597840957028e-02 
1.1100000000000000e+02 9.7345956868629135e-01 2.7579933059346255e-02 
1.1400000000000000e+02 1.0368901007815534e+00 6.7125510789757745e-02 
1.1700000000000000e+02 9.9751909584434673e-01 4.2150294479735312e-02 
1.2000000000000000e+02 1.0184816501799143e+00 4.7586320741826622e-02 
1.2300000000000000e+02 1.0480883939149928e+00 6.1743318030374798e-02 
