0.0000000000000000e+00 9.8655196797350719e-01 3.5606365263521532e-02 
3.0000000000000000e+00 9.8567459353060149e-01 2.8470290491884192e-02 
6.0000000000000000e+00 1.0071492367369670e+00 3.1624464797870011e-02 
9.0000000000000000e+00 9.9742733797793781e-01 3.5553118681451092e-02 
1.2000000000000000e+01 9.8208164610194804e-01 2.9585642237496074e-02 
1.5000000000000000e+01 9.8304820833601936e-01 2.9654364153581046e-02 
1.8000000000000000e+01 9.8423986680529296e-01 3.1332352297536496e-02 
2.1000000000000000e+01 9.8730971439031956e-01 3.3226751511960258e-02 
2.4000000000000000e+01 9.7294713663909393e-01 3.5919227261068887e-02 
2.7000000000000000e+01 9.6867309748494479e-01 2.9451575375186851e-02 
3.0000000000000000e+01 9.8588781130394709e-01 3.0967492486178146e-02 
3.3000000000000000e+01 9.7657939805046190e-01 3.0072065995929573e-02 
3.6000000000000000e+01 1.0003411271798273e+00 3.6741819816286596e-02 
3.9000000000000000e+01 9.8511017159891323e-01 3.3100927605367786e-02 
4.2000000000000000e+01 9.7180619851105576e-01 3.2853990180136780e-02 
4.5000000000000000e+01 9.5791122975115506e-01 3.7048401682398410e-02 
4.8000000000000000e+01 1.0011828257374791e+00 3.9295952478788483e-02 
5.1000000000000000e+01 9.8380821087454196e-01 3.1445932237558691e-02 
5.4000000000000000e+01 9.7517715191755461e-01 3.1773247176807115e-02 
5.7000000000000000e+01 9.9596014456381998e-01 3.7530951017214841e-02 
6.0000000000000000e+01 9.8499263596982178e-01 3.0209510569983090e-02 
6.3000000000000000e+01 9.7367512570236814e-01 3.0244806215656797e-02 
6.6000000000000000e+01 9.8520494920025115e-01 3.3704251889271730e-02 
6.9000000000000000e+01 1.0246128297881785e+00 4.5172524265151608e-02 
7.2000000000000000e+01 9.8233146379658853e-01 4.7082203596584271e-02 
7.5000000000000000e+01 9.6704252972735072e-01 2.6116607169327177e-02 
7.8000000000000000e+01 9.7532015808496830e-01 3.5668216492494596e-02 
8.1000000000000000e+01 9.9614376035185703e-01 4.1052053228461005e-02 
8.4000000000000000e+01 9.8005541033018251e-01 3.9385375407684220e-02 
8.7000000000000000e+01 9.8590425021719985e-01 3.5969080685492996e-02 
9.0000000000000000e+01 9.9023011192315447e-01 4.3651701755170420e-02 
9.3000000000000000e+01 9.8756879785249840e-01 3.9679904255051197e-02 
9.6000000000000000e+01 9.8947371190766398e-01 3.2308292945701741e-02 
9.9000000000000000e+01 9.8998806289473595e-01 3.5409342743078762e-02 
1.0200000000000000e+02 1.0200511026881705e+00 5.4117522783693146e-02 
1.0500000000000000e+02 1.0045094223286741e+00 5.5126231602118436e-02 
1.0800000000000000e+02 1.0138305280853210e+00 4.6412589538076317e-02 
1.1100000000000000e+02 1.0570294014770230e+00 5.4245145725684001e-02 
1.1400000000000000e+02 1.0109175633804623e+00 3.5642812849030925e-02 
1.1700000000000000e+02 9.8115628336313565e-01 3.4270677292649258e-02 
1.2000000000000000e+02 1.0287434724702400e+00 3.9245807506846961e-02 
