0.0000000000000000e+00 9.6537572982960385e-01 4.5564522418047336e-02 
3.0000000000000000e+00 9.6583417449593212e-01 3.3521574412977491e-02 
6.0000000000000000e+00 9.9435855491062497e-01 3.8889590800396757e-02 
9.0000000000000000e+00 1.0290104463924394e+00 4.6125515108536658e-02 
1.2000000000000000e+01 1.0055351146232359e+00 3.8562969237000776e-02 
1.5000000000000000e+01 9.5814663284410495e-01 3.2448662932425258e-02 
1.8000000000000000e+01 9.3789545547117914e-01 3.2240069056390083e-02 
2.1000000000000000e+01 9.3276861302171654e-01 3.0384029824548787e-02 
2.4000000000000000e+01 9.4176046876235875e-01 3.3163838898787969e-02 
2.7000000000000000e+01 9.3788456776259632e-01 3.1657252254484826e-02 
3.0000000000000000e+01 9.7117381142561332e-01 3.8309677445160374e-02 
3.3000000000000000e+01 9.8524129346076927e-01 4.1364085196610972e-02 
3.6000000000000000e+01 9.9592052914207885e-01 3.9697200632755926e-02 
3.9000000000000000e+01 9.6096795585919581e-01 3.4561378668659215e-02 
4.2000000000000000e+01 9.6999543979562286e-01 3.5553999163338013e-02 
4.5000000000000000e+01 9.7144040280739563e-01 4.1220638204030956e-02 
4.8000000000000000e+01 9.9139322422187282e-01 3.8997522093622040e-02 
5.1000000000000000e+01 1.0189009184297830e+00 4.8290462578789814e-02 
5.4000000000000000e+01 9.8827508530082975e-01 4.3458109664366133e-02 
5.7000000000000000e+01 9.7700645309099365e-01 3.6761609765807536e-02 
6.0000000000000000e+01 9.9928787040546996e-01 4.4023363502490621e-02 
6.3000000000000000e+01 1.0076755735073104e+00 4.0881225966517207e-02 
6.6000000000000000e+01 9.9916682636803600e-01 4.8659469481739860e-02 
6.9000000000000000e+01 9.3241610300684641e-01 3.1332350565821204e-02 
7.2000000000000000e+01 9.8233147241087992e-01 3.4408145451972294e-02 
7.5000000000000000e+01 9.9617965239918060e-01 4.6332628146177959e-02 
7.8000000000000000e+01 1.0027292822960430e+00 4.1751939925530425e-02 
8.1000000000000000e+01 9.6815370010959756e-01 3.6283308569404690e-02 
8.4000000000000000e+01 9.7205319487716313e-01 4.2625896339058875e-02 
8.7000000000000000e+01 1.0088186757419857e+00 5.0969641641174158e-02 
9.0000000000000000e+01 1.0145757621297971e+00 5.8651538089771839e-02 
9.3000000000000000e+01 9.9710803286957850e-01 4.5486201983356699e-02 
9.6000000000000000e+01 1.0158012016212175e+00 4.7808818669879800e-02 
9.9000000000000000e+01 1.0306776079581095e+00 5.9589227655685958e-02 
1.0200000000000000e+02 1.0293893648957961e+00 6.2407526265526383e-02 
1.0500000000000000e+02 1.0123650743941821e+00 4.7759893158251958e-02 
1.0800000000000000e+02 1.0017165836472894e+00 4.2130943413667424e-02 
1.1100000000000000e+02 1.0202126236091826e+00 6.2638310238015651e-02 
1.1400000000000000e+02 9.8258287849995896e-01 5.4395138600044211e-02 
1.1700000000000000e+02 1.0473270655469507e+00 7.4040136371130688e-02 
1.2000000000000000e+02 1.0098474549701484e+00 6.3087047178072037e-02 
1.2300000000000000e+02 1.0095578841544668e+00 5.0948848329012836e-02 
